ANNES;Electricité hydraulique;Electricité éolienne;Electricité solaire;Pétrole brut + Gaz naturel;production locale;croissance de la production d'électricité (%);dificit energetique
2010;72,3;11,8;3,9;13,4;380;9,1;10486
2011;69,2;13;3,8;17,8;370;3,5;12531
2012;64,4;19,2;5,9;16,5;365;-3,3;13369
2013;63,6;20,6;7,5;12,2;374;2,9;14390
2014;81,6;12,5;7,8;6;819;3;14320
2015;79,6;15,1;7,6;5,3;1133;10,8;15017
2016;57,9;34;7,8;6,6;1003;6,4;16923
2017;25,4;60,8;8,1;5,7;1283;2,1;18411
2018;24,1;61,7;8,5;5,7;1278;2,7;19530
2019;24,9;56,6;14;4,4;1764;6,5;19134
2020;16;59,7;20,1;4,2;2048;15,1;19695
